0.0
0.0
0.036
0.036
0.012
0.012
0.147
0.012
0.036
0.001
0.001
0.001
0.159
0.0
0.0
0.0
0.147
0.004
0.004
0.004
0.0
0.0
0.012
0.167
0.0
0.147
0.0
0.265
0.412
0.118
0.265
0.118
0.265
0.0
0.118
0.118
0.118
0.118
0.118
0.118
0.118
0.118
0.265
0.265
0.265
0.265
0.265
0.265
0.265
0.265
0.265
0.118
0.265
0.265
0.118
0.118
0.265
0.265
0.265
0.265
0.265
0.265
0.265
0.265
0.265
0.265
0.118
0.265
0.265
0.265
0.11
0.11
0.11
0.11
0.11
0.11
0.11
0.412
0.265
0.118
0.265
0.559
0.559
0.265
0.118
0.118
0.265
0.412
0.412
0.706
0.706
0.118
0.412
0.118
0.412
0.265
0.412
0.412
0.265
0.265
